1470 0 6
1634 1 5
1638 2 11
1638 3 9
1641 4 8
1648 5 11
1447 2 9
1315 6 12
1318 4 6
1321 6 106
1321 7 5
1330 3 5
1429 8 5
1671 3 9
1671 9 34
1671 10 6
1672 1 11
1666 2 13
1666 3 6
1666 10 5
1666 5 6
1668 11 7
1668 12 6
1668 13 29
1668 14 8
1668 5 6
1670 13 19
1670 9 17
1105 15 5
1661 16 5
1661 17 13
1661 18 12
1661 19 9
1132 20 6
1300 6 6
1300 4 43
1301 6 8
1049 6 36
1387 1 6
1163 6 8
1167 21 5
1168 6 7
1423 22 6
1423 15 12
1209 0 13
1209 23 6
1028 10 6
1383 24 19
1383 15 15
1403 3 7
1609 25 20
1609 10 7
1609 23 6
1454 26 6
1612 4 8
1620 1 9
1620 2 13
1621 1 9
1621 4 10
1621 7 13
1621 3 10
1621 27 8
1621 8 5
1627 2 6
1458 2 9
1184 6 14
1060 6 5
1218 6 19
1218 4 5
1036 9 20
1435 27 7
1435 23 9
1425 3 6
1391 3 5
1146 5 14
1413 6 13
1413 28 7
1483 24 9
1444 3 8
1444 3 8
