564 0 6
728 1 5
732 2 11
732 3 9
735 4 8
742 5 11
541 2 9
409 6 12
412 4 6
415 6 106
415 7 5
424 3 5
523 8 5
765 3 9
765 9 34
765 10 6
766 1 11
760 2 13
760 3 6
760 10 5
760 5 6
762 11 7
762 12 6
762 13 29
762 14 8
762 5 6
764 13 19
764 9 17
199 15 5
755 16 5
755 17 13
755 18 12
755 19 9
226 20 6
394 6 6
394 4 43
395 6 8
143 6 36
481 1 6
257 6 8
261 21 5
262 6 7
517 22 6
517 15 12
303 0 13
303 23 6
122 10 6
477 24 19
477 15 15
497 3 7
703 25 20
703 10 7
703 23 6
548 26 6
706 4 8
714 1 9
714 2 13
715 1 9
715 4 10
715 7 13
715 3 10
715 27 8
715 8 5
721 2 6
552 2 9
278 6 14
154 6 5
312 6 19
312 4 5
130 9 20
529 27 7
529 23 9
519 3 6
553 2 9
485 3 5
240 5 14
507 6 13
507 28 7
577 24 9
538 3 8
538 3 8
