1471 0 6
1635 1 5
1639 2 11
1639 3 9
1642 4 8
1649 5 11
1448 2 9
1316 6 12
1319 4 6
1322 6 106
1322 7 5
1331 3 5
1430 8 5
1672 3 9
1672 9 34
1672 10 6
1673 1 11
1667 2 13
1667 3 6
1667 10 5
1667 5 6
1669 11 7
1669 12 6
1669 13 29
1669 14 8
1669 5 6
1671 13 19
1671 9 17
1106 15 5
1662 16 5
1662 17 13
1662 18 12
1662 19 9
1133 20 6
1301 6 6
1301 4 43
1302 6 8
1050 6 36
1388 1 6
1164 6 8
1168 21 5
1169 6 7
1424 22 6
1424 15 12
1210 0 13
1210 23 6
1029 10 6
1384 24 19
1384 15 15
1404 3 7
1610 25 20
1610 10 7
1610 23 6
1455 26 6
1613 4 8
1621 1 9
1621 2 13
1628 2 6
1459 2 9
1185 6 14
1061 6 5
1219 6 19
1219 4 5
1037 9 20
1436 27 7
1436 23 9
1426 3 6
1460 2 9
1392 3 5
1147 5 14
1414 6 13
1414 28 7
1484 24 9
1445 3 8
1445 3 8
