1052 0 1
1397 1 1
1138 2 1
1138 3 1
1027 4 1
1027 5 1
1046 6 1
1470 4 6
1470 7 1
1470 0 2
1494 2 1
1494 3 1
1271 1 1
1272 3 1
1432 4 2
1432 8 1
1188 4 1
1188 6 1
1188 9 1
1598 10 1
1598 11 1
1446 12 1
1446 13 1
1436 13 1
1591 1 1
1591 14 1
1630 3 1
1630 11 1
1631 15 1
1631 3 1
1631 6 2
1631 16 2
1631 14 1
1632 17 3
1632 18 1
1633 1 1
1633 12 1
1634 19 5
1634 20 1
1635 20 1
1635 5 1
1636 21 1
1636 22 1
1637 23 3
1638 0 11
1638 12 9
1639 17 1
1639 12 2
1640 24 1
1641 2 1
1641 19 2
1641 1 8
1641 3 3
1641 14 2
1641 13 1
1642 1 1
1643 2 1
1643 1 1
1643 22 2
1644 2 1
1644 25 1
1644 1 1
1644 18 1
1645 26 1
1646 14 2
1646 27 1
1647 2 1
1647 19 3
1647 1 1
1647 3 1
1647 28 2
1647 14 1
1648 29 11
1649 29 1
1447 0 9
1447 12 1
1398 6 1
1426 12 1
1026 4 1
1306 2 2
1306 17 3
1306 29 1
1307 8 1
1307 22 1
1308 17 2
1309 3 1
1310 2 1
1311 8 1
1311 1 4
1311 3 1
1311 20 1
1312 19 1
1312 20 1
1313 19 1
1313 17 2
1313 30 2
1314 22 1
1315 2 12
1315 3 2
1315 12 1
1316 2 1
1317 2 1
1317 17 3
1317 4 1
1318 2 1
1318 26 1
1318 1 6
1318 3 1
1318 20 3
1318 24 1
1318 13 2
1319 1 2
1320 2 1
1321 2 106
1321 1 1
1321 3 5
1322 2 2
1322 1 1
1323 24 1
1324 2 1
1324 24 1
1325 2 1
1326 3 1
1327 8 1
1328 2 1
1329 24 1
1330 12 5
1330 23 1
1331 9 1
1332 2 2
1333 2 1
1429 2 1
1429 14 2
1429 13 3
1429 29 3
1429 27 5
1488 13 1
1671 19 2
1671 31 1
1671 8 4
1671 32 3
1671 0 1
1671 12 9
1671 33 1
1671 5 34
1671 9 6
1671 34 2
1671 29 1
1672 19 11
1672 0 3
1672 5 2
1672 9 1
1672 29 1
1486 24 1
1000 2 1
1001 2 1
1002 2 1
1003 2 1
1004 2 1
1005 2 1
1006 3 1
1007 2 1
1008 2 1
1009 2 1
1010 6 1
1011 11 1
1012 12 1
1511 4 1
1512 17 1
1512 12 1
1513 17 1
1495 19 1
1496 2 1
1496 21 1
1410 0 3
1581 8 1
1189 35 1
1189 36 1
1189 16 1
1190 32 1
1190 10 1
1448 12 1
1115 6 2
1116 2 1
1117 2 1
1118 29 1
1497 10 1
1386 4 1
1386 12 1
1386 30 4
1666 37 1
1666 38 1
1666 17 1
1666 39 1
1666 19 1
1666 8 3
1666 19 4
1666 0 13
1666 12 6
1666 40 1
1666 33 1
1666 9 5
1666 41 2
1666 29 6
1667 16 1
1668 42 1
1668 43 1
1668 44 7
1668 45 6
1668 31 29
1668 26 1
1668 19 2
1668 46 1
1668 32 2
1668 0 3
1668 12 1
1668 47 1
1668 48 8
1668 40 1
1668 49 2
1668 33 1
1668 4 1
1668 50 1
1668 51 2
1668 52 1
1668 53 1
1668 16 1
1668 3 1
1668 29 6
1668 54 1
1669 7 1
1669 26 1
1669 32 2
1669 20 1
1669 55 1
1669 56 1
1669 16 2
1669 29 3
1670 37 1
1670 4 1
1670 39 1
1670 7 1
1670 31 19
1670 57 1
1670 58 1
1670 59 1
1670 45 1
1670 0 1
1670 12 1
1670 48 1
1670 40 2
1670 49 4
1670 60 1
1670 55 1
1670 51 1
1670 5 17
1670 52 1
1670 61 1
1670 56 1
1670 62 1
1670 45 1
1670 29 1
1670 54 1
1143 26 4
1143 63 1
1143 55 2
1143 21 2
1143 41 1
1515 5 1
1516 17 1
1517 39 1
1518 17 1
1519 16 1
1520 13 1
1521 5 1
1522 55 1
1523 15 1
1524 2 1
1525 17 1
1526 13 1
1527 20 1
1528 64 1
1529 8 1
1530 23 1
1531 11 1
1532 2 1
1533 3 1
1534 1 1
1535 59 1
1487 2 1
1419 65 1
1368 2 2
1369 12 1
1369 33 1
1370 2 1
1371 13 1
1372 17 1
1372 4 1
1585 2 1
1585 27 1
1283 1 1
1284 1 1
1020 5 1
1422 66 1
1422 12 1
1416 12 1
1101 11 1
1102 4 1
1103 2 2
1104 2 1
1105 24 5
1191 64 1
1084 26 1
1438 13 1
1438 29 1
1437 1 2
1437 29 1
1144 5 2
1145 5 3
1658 41 2
1659 30 3
1660 67 1
1660 26 1
1660 8 3
1660 19 2
1660 5 2
1660 21 2
1660 41 1
1660 29 2
1661 64 5
1661 17 1
1661 66 2
1661 25 1
1661 31 2
1661 26 13
1661 8 3
1661 59 4
1661 68 1
1661 18 2
1661 4 2
1661 55 1
1661 6 1
1661 5 4
1661 65 1
1661 61 1
1661 30 1
1661 69 1
1661 21 3
1661 22 12
1661 41 9
1661 29 1
1661 27 2
1135 24 3
1136 55 1
1137 2 1
1599 4 4
1600 12 1
1600 30 1
1041 0 1
1042 8 1
1042 12 1
1650 9 1
1192 17 3
1192 23 2
1193 2 2
1194 0 1
1195 26 2
1195 70 1
1195 22 1
1196 4 1
1196 11 2
1196 6 1
1197 24 1
1198 2 1
1199 4 2
1199 11 1
1200 2 3
1200 68 1
1200 4 1
1201 64 2
1202 64 2
1202 21 1
1132 8 6
1133 11 1
1134 8 2
1449 4 1
1449 19 1
1285 1 1
1286 3 1
1287 12 1
1288 19 2
1289 3 1
1290 20 1
1291 17 1
1292 2 2
1292 11 1
1293 2 1
1294 2 1
1295 2 1
1296 2 1
1296 3 1
1297 1 1
1298 22 1
1299 12 1
1080 16 1
1141 1 1
1471 41 1
1472 23 1
1473 4 2
1474 12 1
1475 55 1
1476 19 1
1477 24 1
1478 55 2
1203 11 1
1053 2 2
1053 13 2
1053 29 1
1054 20 1
1300 2 6
1300 26 1
1300 1 43
1300 3 1
1300 0 2
1300 12 1
1300 20 3
1300 13 4
1300 29 1
1300 27 2
1301 2 8
1302 2 1
1303 27 1
1304 39 1
1651 4 1
1651 5 1
1381 49 1
1246 10 1
1247 9 1
1248 12 1
1249 23 1
1250 7 1
1407 65 1
1498 13 1
1498 27 1
1450 12 1
1601 10 1
1204 1 1
1489 65 1
1490 12 1
1491 2 1
1492 24 1
1580 55 1
1205 31 1
1421 13 1
1421 29 1
1047 2 1
1048 12 1
1049 2 36
1049 3 1
1050 2 1
1451 13 1
1451 27 2
1452 2 1
1418 19 1
1582 17 1
1276 2 1
1206 0 1
1453 8 1
1453 24 1
1181 64 1
1181 2 1
1182 2 1
1183 9 1
1273 17 1
1274 17 1
1275 3 1
1602 4 2
1603 4 1
1604 4 2
1604 62 1
1605 17 1
1605 4 1
1387 19 6
1387 12 1
1366 17 2
1366 3 1
1366 5 1
1021 2 1
1399 3 1
1400 0 2
1401 0 2
1147 2 1
1148 3 2
1149 2 3
1150 2 3
1151 2 1
1152 2 4
1153 2 2
1154 2 1
1155 6 1
1155 29 3
1156 2 1
1157 2 1
1158 2 1
1159 4 1
1160 2 1
1161 2 1
1162 2 3
1162 1 1
1162 65 1
1162 13 1
1163 2 8
1163 3 1
1163 11 1
1164 2 2
1165 2 1
1166 2 1
1167 71 5
1167 2 2
1167 72 1
1167 61 1
1167 41 1
1168 64 1
1168 2 7
1168 72 1
1168 11 1
1168 21 1
1169 6 1
1170 55 1
1171 2 1
1172 2 2
1172 19 2
1173 24 2
1174 6 1
1175 2 2
1176 2 1
1177 2 2
1178 2 3
1179 2 1
1180 2 1
1499 64 1
1428 2 1
1013 12 1
1277 17 1
1278 64 1
1279 2 1
1280 2 1
1281 19 1
1282 19 1
1207 73 1
1207 17 1
1207 4 1
1207 5 1
1208 2 1
1208 7 1
1208 1 2
1208 3 1
1208 0 3
1208 4 1
1051 0 1
1423 19 2
1423 74 4
1423 55 1
1423 6 6
1423 24 12
1209 2 1
1209 66 2
1209 4 2
1209 39 1
1209 19 2
1209 31 2
1209 19 2
1209 1 1
1209 59 1
1209 3 1
1209 12 4
1209 68 1
1209 33 3
1209 4 13
1209 6 4
1209 16 1
1209 9 3
1209 75 1
1209 13 6
1209 29 2
1209 27 2
1210 66 1
1210 12 1
1210 20 3
1210 33 1
1210 9 1
1210 28 1
1210 30 1
1388 17 1
1388 1 1
1388 0 1
1388 12 1
1388 23 1
1388 13 1
1572 12 1
1087 2 1
1592 30 1
1028 15 2
1028 12 2
1028 23 1
1028 16 1
1028 9 6
1578 1 1
1383 55 19
1383 6 2
1383 24 15
1045 12 1
1211 0 1
1500 29 1
1579 2 1
1586 38 1
1586 4 2
1586 19 2
1586 12 2
1587 16 1
1587 10 1
1587 27 1
1402 62 1
1403 4 4
1403 12 7
1404 2 1
1404 3 1
1404 14 1
1404 13 1
1073 29 1
1334 17 1
1334 2 1
1334 0 1
1334 12 1
1367 12 1
1427 23 1
1065 2 1
1065 27 1
1066 4 1
1067 12 1
1212 66 2
1212 59 1
1212 49 1
1212 4 2
1212 61 1
1501 22 1
1608 19 1
1608 1 1
1609 15 2
1609 17 20
1609 67 1
1609 4 1
1609 16 2
1609 9 7
1609 62 1
1609 13 6
1610 17 1
1536 5 3
1537 2 1
1538 11 1
1539 2 1
1540 2 1
1541 1 1
1542 4 1
1543 2 1
1544 4 1
1545 7 1
1546 4 1
1547 5 1
1548 23 1
1549 3 1
1550 5 1
1551 5 1
1552 39 1
1553 39 1
1554 17 1
1555 0 1
1556 2 1
1557 2 1
1558 17 1
1559 0 1
1560 17 1
1561 0 1
1562 11 1
1563 4 1
1564 2 1
1565 17 1
1566 13 1
1567 2 1
1568 1 1
1569 2 1
1570 1 1
1571 22 1
1454 67 6
1454 0 4
1213 7 1
1214 12 1
1214 16 1
1215 0 1
1455 12 1
1455 29 1
1085 13 1
1430 4 1
1430 10 1
1611 42 1
1611 2 2
1611 8 2
1611 59 1
1611 21 1
1612 19 1
1612 1 8
1612 3 3
1612 5 1
1612 14 1
1612 13 1
1613 19 1
1613 20 1
1614 27 1
1615 19 1
1615 19 1
1616 17 2
1616 76 1
1617 19 1
1617 0 4
1618 59 1
1618 62 1
1619 15 1
1620 2 1
1620 7 4
1620 26 1
1620 19 9
1620 1 1
1620 3 3
1620 0 13
1620 49 1
1620 5 1
1620 13 2
1620 27 1
1621 2 2
1621 4 1
1621 19 9
1621 1 10
1621 59 1
1621 45 1
1621 3 13
1621 0 2
1621 12 10
1621 49 1
1621 16 1
1621 28 1
1621 77 1
1621 14 8
1621 13 2
1621 27 5
1622 0 2
1623 19 1
1623 6 1
1623 29 1
1623 27 1
1624 4 1
1624 19 1
1624 10 1
1625 4 1
1625 12 3
1625 20 3
1625 10 2
1625 5 2
1625 30 1
1625 29 1
1625 27 1
1626 2 2
1626 29 2
1626 27 2
1627 7 1
1627 31 1
1627 72 1
1627 0 6
1627 68 1
1627 5 1
1627 62 1
1627 29 1
1627 78 1
1628 19 1
1588 2 2
1588 12 4
1588 9 1
1588 41 2
1256 2 1
1257 2 1
1258 2 1
1259 2 1
1260 2 1
1261 11 1
1262 1 1
1263 1 1
1264 10 2
1265 2 4
1265 8 1
1265 3 1
1265 11 1
1265 55 1
1456 29 1
1457 13 1
1458 7 1
1458 0 9
1479 2 1
1479 29 3
1502 26 2
1266 3 1
1267 3 1
1268 71 1
1269 12 1
1270 2 1
1184 2 14
1184 3 1
1185 2 1
1409 12 1
1431 27 1
1411 2 2
1216 15 1
1057 2 3
1057 1 4
1057 14 2
1058 14 1
1059 2 1
1059 1 1
1060 2 5
1060 1 1
1060 21 1
1652 40 3
1653 59 1
1653 23 1
1653 9 2
1384 13 1
1217 17 1
1217 66 1
1217 4 2
1218 35 1
1218 17 1
1218 79 1
1218 2 19
1218 19 1
1218 1 5
1218 3 2
1218 20 1
1405 1 2
1405 20 1
1219 0 1
1022 27 1
1023 66 1
1023 1 1
1023 4 1
1023 13 1
1023 29 1
1220 29 1
1221 29 1
1493 2 1
1412 3 1
1222 29 1
1223 0 1
1223 62 1
1224 32 1
1029 2 1
1029 6 1
1030 67 1
1030 0 2
1031 19 1
1032 15 1
1033 8 1
1033 19 1
1034 2 1
1035 2 1
1036 2 1
1036 5 20
1036 14 1
1036 13 1
1036 27 1
1037 19 1
1038 5 1
1039 29 1
1480 5 1
1434 24 3
1435 2 4
1435 19 1
1435 19 3
1435 1 1
1435 3 1
1435 0 1
1435 12 2
1435 6 1
1435 14 7
1435 13 9
1435 27 2
1335 1 1
1090 2 1
1091 2 1
1092 2 1
1093 3 1
1094 2 1
1095 2 1
1096 2 1
1097 1 1
1098 2 1
1099 2 1
1100 2 1
1225 64 1
1225 6 3
1225 24 1
1064 27 1
1056 12 1
1389 19 1
1424 55 1
1425 12 6
1662 17 1
1662 23 1
1663 26 1
1663 3 1
1663 14 1
1664 26 1
1665 21 1
1665 41 1
1481 19 1
1481 80 3
1481 4 1
1481 55 1
1025 19 1
1025 30 1
1439 1 1
1439 20 1
1440 2 1
1440 19 1
1440 1 1
1440 13 3
1440 27 2
1441 2 1
1441 27 1
1040 17 1
1040 4 1
1016 15 1
1016 16 2
1017 18 1
1018 12 1
1019 20 1
1654 26 2
1655 22 2
1655 41 1
1390 19 1
1503 2 1
1226 16 1
1227 26 1
1227 5 1
1459 67 2
1459 4 1
1459 19 2
1459 0 9
1459 12 3
1589 4 1
1391 12 5
1392 4 1
1081 12 2
1081 10 1
1082 29 1
1139 12 1
1382 27 1
1024 12 1
1146 14 1
1146 29 14
1186 4 4
1393 65 1
1393 14 1
1393 13 1
1460 0 1
1461 1 1
1461 14 1
1462 1 1
1463 1 3
1463 14 1
1463 29 3
1464 14 1
1083 20 1
1228 2 2
1229 17 1
1229 59 1
1187 12 1
1417 17 1
1417 4 1
1417 0 1
1417 12 2
1584 12 1
1014 2 2
1014 14 1
1015 11 1
1413 2 13
1413 11 7
1413 14 2
1413 13 4
1413 29 1
1413 27 1
1394 4 1
1394 19 2
1394 10 1
1590 12 2
1583 17 1
1414 2 2
1414 8 1
1414 1 1
1414 29 1
1465 4 2
1088 15 1
1120 10 1
1055 3 1
1055 13 1
1573 12 1
1574 29 1
1575 17 1
1576 12 1
1577 11 1
1075 17 1
1076 4 1
1077 4 1
1078 16 1
1079 2 1
1433 2 1
1466 14 1
1140 0 1
1230 31 1
1230 48 1
1606 17 4
1606 4 3
1606 7 1
1606 1 1
1606 0 1
1606 9 1
1606 62 1
1606 13 1
1373 2 1
1374 9 1
1375 29 1
1376 2 1
1377 0 1
1378 2 1
1379 72 1
1379 9 1
1380 4 1
1305 1 2
1305 14 1
1119 11 1
1467 12 2
1106 27 1
1107 2 2
1108 2 2
1109 2 1
1110 8 1
1111 2 1
1112 10 1
1113 2 1
1114 27 1
1395 1 1
1395 65 1
1396 14 1
1231 0 1
1232 3 1
1233 2 1
1233 19 3
1234 2 1
1234 4 1
1234 19 1
1234 19 2
1234 1 1
1234 12 1
1234 20 3
1234 10 3
1234 23 1
1629 12 1
1629 14 1
1235 4 2
1236 2 1
1237 3 1
1607 10 1
1089 12 1
1089 20 1
1468 13 1
1593 5 1
1482 2 1
1482 1 1
1482 0 1
1469 14 1
1504 29 1
1505 1 1
1505 12 1
1594 1 1
1483 55 9
1238 19 1
1238 23 1
1239 2 1
1239 1 3
1239 13 1
1239 27 1
1142 0 1
1336 75 1
1337 17 1
1337 17 1
1338 23 1
1339 2 1
1340 19 1
1341 2 1
1342 9 1
1343 9 1
1344 16 1
1345 55 1
1346 17 1
1347 17 1
1348 13 1
1349 9 1
1350 2 1
1351 33 1
1352 1 1
1353 27 1
1354 2 1
1355 17 1
1356 2 1
1357 2 1
1358 1 1
1359 2 1
1360 27 1
1361 2 1
1362 2 1
1363 2 1
1363 1 1
1364 2 1
1365 12 1
1385 17 1
1385 26 1
1240 0 1
1241 14 1
1506 5 2
1242 3 1
1507 11 2
1508 29 2
1509 6 2
1510 59 1
1251 15 1
1252 12 1
1253 41 1
1254 10 1
1255 2 1
1656 40 1
1656 5 1
1657 29 1
1044 1 1
1121 11 1
1122 2 1
1123 2 1
1124 2 1
1125 2 1
1126 2 1
1126 29 1
1127 2 1
1128 2 1
1129 2 1
1130 31 1
1131 2 1
1068 27 1
1069 14 1
1043 13 1
1070 7 1
1071 13 1
1072 1 1
1408 17 1
1408 19 1
1415 14 1
1415 13 2
1484 55 3
1061 11 1
1062 12 1
1063 3 2
1086 31 1
1595 15 1
1595 17 1
1595 5 3
1595 16 1
1595 9 1
1595 65 1
1595 13 2
1596 32 1
1597 5 1
1406 27 2
1442 12 1
1443 12 2
1444 12 8
1445 12 2
1420 1 1
1243 0 1
1244 0 1
1245 0 1
1514 27 1
1485 0 1
1485 6 1
1485 41 1
1074 4 1
1673 64 1
1674 19 3
1675 12 1
1676 2 1
1677 2 1
1678 66 1
1678 66 1
