1471 0 6
1633 1 3
1635 2 5
1638 3 3
1639 4 11
1639 5 9
1642 6 8
1642 7 3
1648 2 3
1649 8 11
1448 4 9
1307 1 3
1312 6 4
1316 9 12
1318 1 3
1319 6 6
1319 10 3
1322 9 106
1322 7 5
1331 5 5
1430 11 3
1430 8 3
1430 12 5
1672 13 4
1672 14 3
1672 5 9
1672 15 34
1672 16 6
1673 2 11
1673 4 3
1411 4 3
1387 17 4
1667 13 3
1667 2 4
1667 4 13
1667 5 6
1667 16 5
1667 8 6
1669 18 7
1669 19 6
1669 20 29
1669 4 3
1669 21 8
1669 8 6
1670 8 3
1671 20 19
1671 22 4
1671 15 17
1144 23 4
1106 24 5
1146 15 3
1660 17 3
1661 13 3
1662 25 5
1662 23 13
1662 13 3
1662 26 4
1662 15 4
1662 27 3
1662 28 12
1662 29 9
1136 24 3
1600 0 4
1193 1 3
1201 9 3
1133 13 6
1301 9 6
1301 6 43
1301 10 3
1301 11 4
1302 9 8
1050 9 36
1388 2 6
1150 9 3
1151 9 3
1153 9 4
1156 8 3
1163 9 3
1164 9 8
1168 30 5
1169 9 7
1179 9 3
1209 4 3
1424 31 4
1424 32 6
1424 24 12
1210 5 4
1210 33 3
1210 0 13
1210 32 4
1210 16 3
1210 11 6
1211 10 3
1029 16 6
1384 34 19
1384 24 15
1404 0 4
1404 5 7
1610 1 20
1610 16 7
1610 11 6
1537 15 3
1455 35 6
1455 4 4
1613 6 8
1613 7 3
1618 4 4
1621 36 4
1621 2 9
1621 7 3
1621 4 13
1622 2 9
1622 6 10
1622 7 13
1622 5 10
1622 37 8
1622 12 5
1626 5 3
1626 10 3
1628 4 6
1589 5 4
1266 9 4
1459 4 9
1480 8 3
1185 9 14
1058 9 3
1058 6 4
1061 9 5
1653 38 3
1219 9 19
1219 6 5
1037 15 20
1435 24 3
1436 9 4
1436 2 3
1436 37 7
1436 11 9
1226 32 3
1426 5 6
1482 39 3
1441 11 3
1460 4 9
1460 5 3
1392 5 5
1147 8 14
1187 0 4
1464 6 3
1464 8 3
1414 9 13
1414 40 7
1414 11 4
1607 1 4
1607 0 3
1234 2 3
1235 10 3
1235 41 3
1484 34 9
1240 6 3
1485 34 3
1596 15 3
1445 5 8
1675 2 3
1675 2 3
