1638 0 11
1638 1 9
1641 2 8
1648 3 11
1447 0 9
1315 4 12
1321 4 106
1671 1 9
1671 5 34
1672 6 11
1666 0 13
1668 7 7
1668 8 29
1668 9 8
1670 8 19
1670 5 17
1661 10 13
1661 11 12
1661 12 9
1300 2 43
1301 4 8
1049 4 36
1163 4 8
1168 4 7
1423 13 12
1209 14 13
1383 15 19
1383 13 15
1403 1 7
1609 16 20
1609 17 7
1612 2 8
1620 6 9
1620 0 13
1621 6 9
1621 2 10
1621 18 13
1621 1 10
1621 19 8
1458 0 9
1184 4 14
1218 4 19
1036 5 20
1435 19 7
1435 20 9
1459 0 9
1146 3 14
1413 4 13
1413 21 7
1483 15 9
1444 1 8
1444 1 8
