1471 0 6
1635 1 5
1639 2 11
1639 3 9
1642 4 8
1649 5 11
1448 2 9
1312 4 4
1316 6 12
1319 4 6
1322 6 106
1322 7 5
1331 3 5
1430 8 5
1672 9 4
1672 3 9
1672 10 34
1672 11 6
1673 1 11
1387 12 4
1667 1 4
1667 2 13
1667 3 6
1667 11 5
1667 5 6
1669 13 7
1669 14 6
1669 15 29
1669 16 8
1669 5 6
1671 15 19
1671 17 4
1671 10 17
1144 18 4
1106 19 5
1662 20 5
1662 18 13
1662 21 4
1662 10 4
1662 22 12
1662 23 9
1600 0 4
1133 9 6
1301 6 6
1301 4 43
1301 24 4
1302 6 8
1050 6 36
1388 1 6
1153 6 4
1164 6 8
1168 25 5
1169 6 7
1424 26 4
1424 27 6
1424 19 12
1210 3 4
1210 0 13
1210 27 4
1210 24 6
1029 11 6
1384 28 19
1384 19 15
1404 0 4
1404 3 7
1610 29 20
1610 11 7
1610 24 6
1455 30 6
1455 2 4
1613 4 8
1618 2 4
1621 31 4
1621 1 9
1621 2 13
1622 1 9
1622 4 10
1622 7 13
1622 3 10
1622 32 8
1622 8 5
1628 2 6
1589 3 4
1266 6 4
1459 2 9
1185 6 14
1058 4 4
1061 6 5
1219 6 19
1219 4 5
1037 10 20
1436 6 4
1436 32 7
1436 24 9
1426 3 6
1460 2 9
1392 3 5
1147 5 14
1187 0 4
1414 6 13
1414 33 7
1414 24 4
1607 29 4
1484 28 9
1445 3 8
1445 3 8
