564 0 6
732 1 11
732 2 9
735 3 8
742 4 11
541 1 9
409 5 12
412 3 6
415 5 106
765 2 9
765 6 34
765 7 6
766 8 11
760 1 13
760 2 6
760 4 6
762 9 7
762 10 6
762 11 29
762 12 8
762 4 6
764 11 19
764 6 17
755 13 13
755 14 12
755 15 9
226 16 6
394 5 6
394 3 43
395 5 8
143 5 36
481 8 6
257 5 8
262 5 7
517 17 6
517 18 12
303 0 13
303 19 6
122 7 6
477 20 19
477 18 15
497 2 7
703 21 20
703 7 7
703 19 6
548 22 6
706 3 8
714 8 9
714 1 13
715 8 9
715 3 10
715 23 13
715 2 10
715 24 8
721 1 6
552 1 9
278 5 14
312 5 19
130 6 20
529 24 7
529 19 9
519 2 6
553 1 9
240 4 14
507 5 13
507 25 7
577 20 9
538 2 8
538 2 8
