564 14 6
728 30 5
732 39 11
732 40 9
735 33 8
742 89 11
541 39 9
405 33 4
409 11 12
412 33 6
415 11 106
415 38 5
424 40 5
523 90 5
765 27 4
765 40 9
765 63 34
765 65 6
766 21 11
480 77 4
760 30 4
760 39 13
760 40 6
760 65 5
760 89 6
762 5 7
762 22 6
762 23 29
762 42 8
762 89 6
764 23 19
764 46 4
764 63 17
237 26 4
199 72 5
755 7 5
755 26 13
755 35 4
755 63 4
755 87 12
755 88 9
693 14 4
226 27 6
394 11 6
394 33 43
394 84 4
395 11 8
143 11 36
481 21 6
246 11 4
257 11 8
261 0 5
262 11 7
517 48 4
517 61 6
517 72 12
303 40 4
303 54 13
303 61 4
303 84 6
122 65 6
477 60 19
477 72 15
497 14 4
497 40 7
703 9 20
703 65 7
703 84 6
548 12 6
548 39 4
706 33 8
711 39 4
714 19 4
714 30 9
714 39 13
715 30 9
715 33 10
715 38 13
715 40 10
715 80 8
715 90 5
721 39 6
682 40 4
359 11 4
552 39 9
278 11 14
151 33 4
154 11 5
312 11 19
312 33 5
130 66 20
529 11 4
529 80 7
529 84 9
519 40 6
553 39 9
485 40 5
240 89 14
280 54 4
507 11 13
507 59 7
507 84 4
700 9 4
577 60 9
538 40 8
