564 14 6
732 39 11
732 40 9
735 33 8
742 89 11
541 39 9
409 11 12
412 33 6
415 11 106
765 40 9
765 63 34
765 65 6
766 21 11
760 39 13
760 40 6
760 89 6
762 5 7
762 22 6
762 23 29
762 42 8
762 89 6
764 23 19
764 63 17
755 26 13
755 87 12
755 88 9
226 27 6
394 11 6
394 33 43
395 11 8
143 11 36
481 21 6
257 11 8
262 11 7
517 61 6
517 72 12
303 54 13
303 84 6
122 65 6
477 60 19
477 72 15
497 40 7
703 9 20
703 65 7
703 84 6
548 12 6
706 33 8
714 30 9
714 39 13
715 30 9
715 33 10
715 38 13
715 40 10
715 80 8
721 39 6
552 39 9
278 11 14
312 11 19
130 66 20
529 80 7
529 84 9
519 40 6
553 39 9
240 89 14
507 11 13
507 59 7
577 60 9
538 40 8
