564 14 6
726 9 3
728 30 5
731 56 3
732 39 11
732 40 9
735 33 8
735 38 3
741 30 3
742 89 11
541 39 9
400 52 3
405 33 4
409 11 12
411 52 3
412 33 6
412 43 3
415 11 106
415 38 5
424 40 5
523 84 3
523 89 3
523 90 5
765 27 4
765 37 3
765 40 9
765 63 34
765 65 6
766 21 11
766 39 3
504 39 3
480 77 4
760 27 3
760 30 4
760 39 13
760 40 6
760 65 5
760 89 6
762 5 7
762 22 6
762 23 29
762 39 3
762 42 8
762 89 6
763 89 3
764 23 19
764 46 4
764 63 17
237 26 4
199 72 5
239 63 3
753 77 3
754 27 3
755 7 5
755 26 13
755 27 3
755 35 4
755 63 4
755 86 3
755 87 12
755 88 9
229 72 3
693 14 4
286 9 3
294 11 3
226 27 6
394 11 6
394 33 43
394 43 3
394 84 4
395 11 8
143 11 36
481 21 6
243 11 3
244 11 3
246 11 4
249 89 3
256 11 3
257 11 8
261 0 5
262 11 7
272 11 3
302 39 3
517 48 4
517 61 6
517 72 12
303 40 4
303 53 3
303 54 13
303 61 4
303 65 3
303 84 6
304 43 3
122 65 6
477 60 19
477 72 15
497 14 4
497 40 7
703 9 20
703 65 7
703 84 6
630 63 3
548 12 6
548 39 4
706 33 8
706 38 3
711 39 4
714 19 4
714 30 9
714 38 3
714 39 13
715 30 9
715 33 10
715 38 13
715 40 10
715 80 8
715 90 5
719 40 3
719 43 3
721 39 6
682 40 4
359 11 4
552 39 9
573 89 3
278 11 14
151 11 3
151 33 4
154 11 5
746 45 3
312 11 19
312 33 5
130 66 20
528 72 3
529 11 4
529 30 3
529 80 7
529 84 9
319 61 3
519 40 6
575 50 3
534 84 3
553 39 9
553 40 3
485 40 5
240 89 14
280 54 4
557 33 3
557 89 3
507 11 13
507 59 7
507 84 4
700 9 4
700 14 3
327 21 3
328 43 3
328 47 3
577 60 9
333 33 3
578 60 3
689 63 3
538 40 8
768 30 3
