564 14 6
564 39 2
526 14 2
725 61 2
725 64 2
726 9 3
728 30 5
731 56 3
732 39 11
732 40 9
733 40 2
735 30 2
735 33 8
735 38 3
735 80 2
737 87 2
740 80 2
741 30 3
741 67 2
742 89 11
541 39 9
400 11 2
400 52 3
402 52 2
405 33 4
407 52 2
407 77 2
409 11 12
409 38 2
411 52 3
412 33 6
412 43 3
412 84 2
413 33 2
415 11 106
415 38 5
416 11 2
424 40 5
426 11 2
523 80 2
523 84 3
523 89 3
523 90 5
765 21 2
765 27 4
765 37 3
765 40 9
765 63 34
765 65 6
765 82 2
766 21 11
766 39 3
766 63 2
504 39 3
209 61 2
480 77 4
760 27 3
760 30 4
760 39 13
760 40 6
760 65 5
760 88 2
760 89 6
762 5 7
762 22 6
762 23 29
762 30 2
762 37 2
762 39 3
762 42 8
762 46 2
762 62 2
762 89 6
763 37 2
763 78 2
763 89 3
764 23 19
764 45 2
764 46 4
764 63 17
237 26 4
237 60 2
237 86 2
462 11 2
197 11 2
199 72 5
531 33 2
238 63 2
239 63 3
752 88 2
753 77 3
754 27 3
754 30 2
754 63 2
754 86 2
754 89 2
755 7 5
755 13 2
755 23 2
755 26 13
755 27 3
755 35 4
755 49 2
755 54 2
755 63 4
755 86 3
755 87 12
755 88 9
755 90 2
229 72 3
693 14 4
286 9 3
286 56 2
287 11 2
289 26 2
290 59 2
293 14 2
294 11 3
295 7 2
296 7 2
226 27 6
228 27 2
382 21 2
386 11 2
567 14 2
572 60 2
147 11 2
147 84 2
394 11 6
394 33 43
394 39 2
394 43 3
394 84 4
394 90 2
395 11 8
143 11 36
545 90 2
696 14 2
698 14 2
481 21 6
460 9 2
494 39 2
495 39 2
242 38 2
243 11 3
244 11 3
246 11 4
247 11 2
249 89 3
256 11 3
257 11 8
258 11 2
261 0 5
261 11 2
262 11 7
266 11 2
266 21 2
267 72 2
269 11 2
271 11 2
272 11 3
302 33 2
302 39 3
517 30 2
517 48 4
517 61 6
517 72 12
303 13 2
303 14 2
303 21 2
303 23 2
303 30 2
303 40 4
303 53 3
303 54 13
303 61 4
303 65 3
303 84 6
303 89 2
303 90 2
304 43 3
122 6 2
122 40 2
122 65 6
477 60 19
477 61 2
477 72 15
680 14 2
680 21 2
680 40 2
497 14 4
497 40 7
306 13 2
306 54 2
703 6 2
703 9 20
703 64 2
703 65 7
703 84 6
630 63 3
548 12 6
548 39 4
705 11 2
705 27 2
706 33 8
706 38 3
710 9 2
711 39 4
714 19 4
714 30 9
714 38 3
714 39 13
714 84 2
715 11 2
715 30 9
715 33 10
715 38 13
715 39 2
715 40 10
715 80 8
715 84 2
715 90 5
716 39 2
719 40 3
719 43 3
719 47 2
719 63 2
720 11 2
720 89 2
720 90 2
721 39 6
682 11 2
682 40 4
682 88 2
358 47 2
359 11 4
552 39 9
573 89 3
596 26 2
278 11 14
505 11 2
151 11 3
151 33 4
151 80 2
154 11 5
746 45 3
747 65 2
311 54 2
312 11 19
312 33 5
312 38 2
499 33 2
124 39 2
130 66 20
528 72 3
529 11 4
529 30 3
529 40 2
529 80 7
529 84 9
529 90 2
319 61 3
519 40 6
575 50 3
534 84 3
534 90 2
110 64 2
748 26 2
749 87 2
553 12 2
553 30 2
553 39 9
553 40 3
485 40 5
175 40 2
240 89 14
280 54 4
557 33 3
557 89 3
322 11 2
511 40 2
108 11 2
507 11 13
507 59 7
507 80 2
507 84 4
488 21 2
684 40 2
508 11 2
559 14 2
700 9 4
700 14 3
399 33 2
561 40 2
201 11 2
202 11 2
327 21 3
328 30 2
328 43 3
328 47 3
329 14 2
577 60 9
333 33 3
600 63 2
601 59 2
602 89 2
603 61 2
509 84 2
578 60 3
157 38 2
689 63 3
689 84 2
500 90 2
537 40 2
538 40 8
539 40 2
768 30 3
