564 0 6
728 1 5
732 2 11
732 3 9
735 4 8
742 5 11
541 2 9
405 4 4
409 6 12
412 4 6
415 6 106
415 7 5
424 3 5
523 8 5
765 9 4
765 3 9
765 10 34
765 11 6
766 1 11
480 12 4
760 1 4
760 2 13
760 3 6
760 11 5
760 5 6
762 13 7
762 14 6
762 15 29
762 16 8
762 5 6
764 15 19
764 17 4
764 10 17
237 18 4
199 19 5
755 20 5
755 18 13
755 21 4
755 10 4
755 22 12
755 23 9
693 0 4
226 9 6
394 6 6
394 4 43
394 24 4
395 6 8
143 6 36
481 1 6
246 6 4
257 6 8
261 25 5
262 6 7
517 26 4
517 27 6
517 19 12
303 3 4
303 0 13
303 27 4
303 24 6
122 11 6
477 28 19
477 19 15
497 0 4
497 3 7
703 29 20
703 11 7
703 24 6
548 30 6
548 2 4
706 4 8
711 2 4
714 31 4
714 1 9
714 2 13
715 1 9
715 4 10
715 7 13
715 3 10
715 32 8
715 8 5
721 2 6
682 3 4
359 6 4
552 2 9
278 6 14
151 4 4
154 6 5
312 6 19
312 4 5
130 10 20
529 6 4
529 32 7
529 24 9
519 3 6
553 2 9
485 3 5
240 5 14
280 0 4
507 6 13
507 33 7
507 24 4
700 29 4
577 28 9
538 3 8
538 3 8
